//Tile Map description file created by lonecoder
w:32
h:20
tw:32
th:32
sw:16
sh:16
t:-32,0,-16,0
t:-32,0,-16,0
t:-32,0,-16,0
t:-32,0,-16,0
t:-32,0,-16,0
t:-32,0,-16,0
t:-32,0,-16,0
t:-32,0,-16,0
t:-32,0,-16,0
t:-32,0,-16,0
t:-32,0,-16,0
t:-32,0,-16,0
t:-32,0,-16,0
t:-32,0,-16,0
t:-32,0,-16,0
t:-32,0,-16,0
t:-32,0,-16,0
t:-32,0,-16,0
t:-32,0,-16,0
t:-32,0,-16,0
t:-32,0,-16,0
t:-32,0,-16,0
t:-32,0,-16,0
t:-32,0,-16,0
t:-32,0,-16,0
t:-32,0,-16,0
t:-32,0,-16,0
t:-32,0,-16,0
t:-32,0,-16,0
t:-32,0,-16,0
t:-32,0,-16,0
t:-32,0,-16,0
t:-32,0,-16,0
t:-32,0,-16,0
t:-32,0,-16,0
t:-32,0,-16,0
t:-32,0,-16,0
t:-32,0,-16,0
t:-32,0,-16,0
t:-32,0,-16,0
t:-32,0,-16,0
t:-32,0,-16,0
t:-32,0,-16,0
t:-32,0,-16,0
t:-32,0,-16,0
t:-32,0,-16,0
t:-32,0,-16,0
t:-32,0,-16,0
t:-32,0,-16,0
t:-32,0,-16,0
t:-32,0,-16,0
t:-32,0,-16,0
t:-32,0,-16,0
t:-32,0,-16,0
t:-32,0,-16,0
t:-32,0,-16,0
t:-32,0,-16,0
t:-32,0,-16,0
t:-32,0,-16,0
t:-32,0,-16,0
t:-32,0,-16,0
t:-32,0,-16,0
t:-32,0,-16,0
t:-32,0,-16,0
t:-32,0,-16,0
t:-32,0,-16,0
t:-32,0,-16,0
t:-32,0,-16,0
t:-32,0,-16,0
t:-32,0,-16,0
t:-32,0,-16,0
t:-32,0,-16,0
t:-32,0,-16,0
t:-32,0,-16,0
t:-32,0,-16,0
t:-32,0,-16,0
t:-32,0,-16,0
t:-32,0,-16,0
t:-32,0,-16,0
t:-32,0,-16,0
t:-32,0,-16,0
t:-32,0,-16,0
t:-32,0,-16,0
t:-32,0,-16,0
t:-32,0,-16,0
t:-32,0,-16,0
t:-32,0,-16,0
t:-32,0,-16,0
t:-32,0,-16,0
t:-32,0,-16,0
t:-32,0,-16,0
t:-32,0,-16,0
t:-32,0,-16,0
t:-32,0,-16,0
t:-32,0,-16,0
t:-32,0,-16,0
t:-32,0,-16,0
t:-32,0,-16,0
t:-32,0,-16,0
t:-32,0,-16,0
t:-32,0,-16,0
t:-32,0,-16,0
t:-32,0,-16,0
t:-32,0,-16,0
t:-32,0,-16,0
t:-32,0,-16,0
t:-32,0,-16,0
t:-32,0,-16,0
t:-32,0,-16,0
t:-32,0,-16,0
t:-32,0,-16,0
t:-32,0,-16,0
t:-32,0,-16,0
t:-32,0,-16,0
t:-32,0,-16,0
t:-32,0,-16,0
t:-32,0,-16,0
t:-32,0,-16,0
t:-32,0,-16,0
t:-32,0,-16,0
t:-32,0,-16,0
t:-32,0,-16,0
t:-32,0,-16,0
t:-32,0,-16,0
t:-32,0,-16,0
t:-32,0,-16,0
t:-32,0,-16,0
t:-32,0,-16,0
t:-32,0,-16,0
t:-32,0,-16,0
t:64,128,0,0
t:96,128,0,0
t:128,128,0,0
t:160,128,0,0
t:192,128,0,0
t:224,128,0,0
t:256,128,0,0
t:-32,0,-16,0
t:-32,0,-16,0
t:-32,0,-16,0
t:384,128,0,0
t:416,128,0,0
t:448,128,0,0
t:480,128,0,0
t:512,128,0,0
t:544,128,64,16
t:-32,0,-16,0
t:-32,0,-16,0
t:-32,0,-16,0
t:-32,0,-16,0
t:-32,0,-16,0
t:-32,0,-16,0
t:-32,0,-16,0
t:-32,0,-16,0
t:-32,0,-16,0
t:-32,0,-16,0
t:-32,0,-16,0
t:-32,0,-16,0
t:-32,0,-16,0
t:-32,0,-16,0
t:-32,0,-16,0
t:-32,0,-16,0
t:-32,0,-16,0
t:-32,0,-16,0
t:-32,0,-16,0
t:-32,0,-16,0
t:-32,0,-16,0
t:-32,0,-16,0
t:256,160,0,0
t:-32,0,-16,0
t:-32,0,-16,0
t:-32,0,-16,0
t:384,160,0,0
t:-32,0,-16,0
t:-32,0,-16,0
t:-32,0,-16,0
t:-32,0,-16,0
t:544,160,64,16
t:-32,0,-16,0
t:-32,0,-16,0
t:-32,0,-16,0
t:-32,0,-16,0
t:-32,0,-16,0
t:-32,0,-16,0
t:-32,0,-16,0
t:-32,0,-16,0
t:-32,0,-16,0
t:-32,0,-16,0
t:-32,0,-16,0
t:-32,0,-16,0
t:-32,0,-16,0
t:-32,0,-16,0
t:-32,0,-16,0
t:-32,0,-16,0
t:-32,0,-16,0
t:-32,0,-16,0
t:-32,0,-16,0
t:-32,0,-16,0
t:-32,0,-16,0
t:-32,0,-16,0
t:256,192,0,0
t:-32,0,-16,0
t:-32,0,-16,0
t:-32,0,-16,0
t:384,192,0,0
t:-32,0,-16,0
t:-32,0,-16,0
t:-32,0,-16,0
t:-32,0,-16,0
t:544,192,64,16
t:-32,0,-16,0
t:-32,0,-16,0
t:-32,0,-16,0
t:-32,0,-16,0
t:-32,0,-16,0
t:-32,0,-16,0
t:-32,0,-16,0
t:-32,0,-16,0
t:-32,0,-16,0
t:-32,0,-16,0
t:-32,0,-16,0
t:-32,0,-16,0
t:-32,0,-16,0
t:-32,0,-16,0
t:-32,0,-16,0
t:-32,0,-16,0
t:-32,0,-16,0
t:-32,0,-16,0
t:-32,0,-16,0
t:-32,0,-16,0
t:-32,0,-16,0
t:-32,0,-16,0
t:256,224,0,0
t:-32,0,-16,0
t:-32,0,-16,0
t:-32,0,-16,0
t:384,224,0,0
t:-32,0,-16,0
t:-32,0,-16,0
t:-32,0,-16,0
t:-32,0,-16,0
t:544,224,64,16
t:-32,0,-16,0
t:-32,0,-16,0
t:-32,0,-16,0
t:-32,0,-16,0
t:-32,0,-16,0
t:-32,0,-16,0
t:-32,0,-16,0
t:-32,0,-16,0
t:-32,0,-16,0
t:-32,0,-16,0
t:-32,0,-16,0
t:-32,0,-16,0
t:-32,0,-16,0
t:-32,0,-16,0
t:-32,0,-16,0
t:-32,0,-16,0
t:-32,0,-16,0
t:-32,0,-16,0
t:-32,0,-16,0
t:-32,0,-16,0
t:-32,0,-16,0
t:-32,0,-16,0
t:256,256,0,0
t:-32,0,-16,0
t:-32,0,-16,0
t:-32,0,-16,0
t:384,256,0,0
t:-32,0,-16,0
t:-32,0,-16,0
t:-32,0,-16,0
t:-32,0,-16,0
t:544,256,64,16
t:-32,0,-16,0
t:-32,0,-16,0
t:-32,0,-16,0
t:-32,0,-16,0
t:-32,0,-16,0
t:-32,0,-16,0
t:-32,0,-16,0
t:-32,0,-16,0
t:-32,0,-16,0
t:-32,0,-16,0
t:-32,0,-16,0
t:-32,0,-16,0
t:-32,0,-16,0
t:-32,0,-16,0
t:-32,0,-16,0
t:-32,0,-16,0
t:-32,0,-16,0
t:-32,0,-16,0
t:-32,0,-16,0
t:-32,0,-16,0
t:-32,0,-16,0
t:-32,0,-16,0
t:256,288,0,0
t:288,288,0,0
t:320,288,0,0
t:352,288,0,0
t:384,288,0,0
t:-32,0,-16,0
t:-32,0,-16,0
t:-32,0,-16,0
t:-32,0,-16,0
t:544,288,64,16
t:-32,0,-16,0
t:-32,0,-16,0
t:-32,0,-16,0
t:-32,0,-16,0
t:-32,0,-16,0
t:-32,0,-16,0
t:-32,0,-16,0
t:-32,0,-16,0
t:-32,0,-16,0
t:-32,0,-16,0
t:-32,0,-16,0
t:-32,0,-16,0
t:-32,0,-16,0
t:-32,0,-16,0
t:-32,0,-16,0
t:-32,0,-16,0
t:-32,0,-16,0
t:-32,0,-16,0
t:-32,0,-16,0
t:-32,0,-16,0
t:-32,0,-16,0
t:-32,0,-16,0
t:-32,0,-16,0
t:-32,0,-16,0
t:-32,0,-16,0
t:-32,0,-16,0
t:-32,0,-16,0
t:-32,0,-16,0
t:-32,0,-16,0
t:-32,0,-16,0
t:-32,0,-16,0
t:544,320,64,16
t:-32,0,-16,0
t:-32,0,-16,0
t:-32,0,-16,0
t:-32,0,-16,0
t:-32,0,-16,0
t:-32,0,-16,0
t:-32,0,-16,0
t:-32,0,-16,0
t:-32,0,-16,0
t:-32,0,-16,0
t:-32,0,-16,0
t:-32,0,-16,0
t:-32,0,-16,0
t:-32,0,-16,0
t:-32,0,-16,0
t:-32,0,-16,0
t:-32,0,-16,0
t:-32,0,-16,0
t:-32,0,-16,0
t:-32,0,-16,0
t:-32,0,-16,0
t:-32,0,-16,0
t:-32,0,-16,0
t:-32,0,-16,0
t:-32,0,-16,0
t:-32,0,-16,0
t:-32,0,-16,0
t:-32,0,-16,0
t:-32,0,-16,0
t:-32,0,-16,0
t:-32,0,-16,0
t:-32,0,-16,0
t:-32,0,-16,0
t:-32,0,-16,0
t:-32,0,-16,0
t:-32,0,-16,0
t:-32,0,-16,0
t:-32,0,-16,0
t:-32,0,-16,0
t:-32,0,-16,0
t:-32,0,-16,0
t:-32,0,-16,0
t:-32,0,-16,0
t:-32,0,-16,0
t:-32,0,-16,0
t:-32,0,-16,0
t:-32,0,-16,0
t:-32,0,-16,0
t:-32,0,-16,0
t:-32,0,-16,0
t:-32,0,-16,0
t:-32,0,-16,0
t:-32,0,-16,0
t:-32,0,-16,0
t:-32,0,-16,0
t:-32,0,-16,0
t:-32,0,-16,0
t:-32,0,-16,0
t:-32,0,-16,0
t:-32,0,-16,0
t:-32,0,-16,0
t:-32,0,-16,0
t:-32,0,-16,0
t:544,384,64,16
t:-32,0,-16,0
t:-32,0,-16,0
t:-32,0,-16,0
t:-32,0,-16,0
t:-32,0,-16,0
t:-32,0,-16,0
t:-32,0,-16,0
t:-32,0,-16,0
t:-32,0,-16,0
t:-32,0,-16,0
t:-32,0,-16,0
t:-32,0,-16,0
t:-32,0,-16,0
t:-32,0,-16,0
t:-32,0,-16,0
t:-32,0,-16,0
t:-32,0,-16,0
t:-32,0,-16,0
t:-32,0,-16,0
t:-32,0,-16,0
t:-32,0,-16,0
t:-32,0,-16,0
t:-32,0,-16,0
t:-32,0,-16,0
t:-32,0,-16,0
t:-32,0,-16,0
t:-32,0,-16,0
t:-32,0,-16,0
t:-32,0,-16,0
t:-32,0,-16,0
t:-32,0,-16,0
t:544,416,64,16
t:-32,0,-16,0
t:-32,0,-16,0
t:-32,0,-16,0
t:-32,0,-16,0
t:-32,0,-16,0
t:-32,0,-16,0
t:-32,0,-16,0
t:-32,0,-16,0
t:-32,0,-16,0
t:-32,0,-16,0
t:-32,0,-16,0
t:-32,0,-16,0
t:-32,0,-16,0
t:-32,0,-16,0
t:-32,0,-16,0
t:-32,0,-16,0
t:-32,0,-16,0
t:-32,0,-16,0
t:-32,0,-16,0
t:-32,0,-16,0
t:-32,0,-16,0
t:-32,0,-16,0
t:-32,0,-16,0
t:-32,0,-16,0
t:-32,0,-16,0
t:-32,0,-16,0
t:-32,0,-16,0
t:-32,0,-16,0
t:-32,0,-16,0
t:-32,0,-16,0
t:-32,0,-16,0
t:544,448,64,16
t:-32,0,-16,0
t:-32,0,-16,0
t:-32,0,-16,0
t:-32,0,-16,0
t:-32,0,-16,0
t:-32,0,-16,0
t:-32,0,-16,0
t:-32,0,-16,0
t:-32,0,-16,0
t:-32,0,-16,0
t:-32,0,-16,0
t:-32,0,-16,0
t:-32,0,-16,0
t:-32,0,-16,0
t:-32,0,-16,0
t:-32,0,-16,0
t:-32,0,-16,0
t:-32,0,-16,0
t:-32,0,-16,0
t:160,480,64,16
t:192,480,64,16
t:224,480,64,16
t:256,480,64,16
t:288,480,64,16
t:-32,0,-16,0
t:352,480,64,16
t:384,480,64,16
t:416,480,64,16
t:448,480,64,16
t:480,480,64,16
t:-32,0,-16,0
t:-32,0,-16,0
t:-32,0,-16,0
t:-32,0,-16,0
t:-32,0,-16,0
t:-32,0,-16,0
t:-32,0,-16,0
t:-32,0,-16,0
t:-32,0,-16,0
t:-32,0,-16,0
t:-32,0,-16,0
t:-32,0,-16,0
t:-32,0,-16,0
t:-32,0,-16,0
t:-32,0,-16,0
t:-32,0,-16,0
t:-32,0,-16,0
t:-32,0,-16,0
t:-32,0,-16,0
t:-32,0,-16,0
t:-32,0,-16,0
t:-32,0,-16,0
t:-32,0,-16,0
t:-32,0,-16,0
t:-32,0,-16,0
t:-32,0,-16,0
t:-32,0,-16,0
t:-32,0,-16,0
t:-32,0,-16,0
t:-32,0,-16,0
t:-32,0,-16,0
t:-32,0,-16,0
t:-32,0,-16,0
t:-32,0,-16,0
t:-32,0,-16,0
t:-32,0,-16,0
t:-32,0,-16,0
t:-32,0,-16,0
t:-32,0,-16,0
t:-32,0,-16,0
t:-32,0,-16,0
t:-32,0,-16,0
t:-32,0,-16,0
t:-32,0,-16,0
t:-32,0,-16,0
t:-32,0,-16,0
t:-32,0,-16,0
t:-32,0,-16,0
t:-32,0,-16,0
t:-32,0,-16,0
t:-32,0,-16,0
t:-32,0,-16,0
t:-32,0,-16,0
t:-32,0,-16,0
t:-32,0,-16,0
t:-32,0,-16,0
t:-32,0,-16,0
t:-32,0,-16,0
t:-32,0,-16,0
t:-32,0,-16,0
t:-32,0,-16,0
t:-32,0,-16,0
t:-32,0,-16,0
t:-32,0,-16,0
t:-32,0,-16,0
t:-32,0,-16,0
t:-32,0,-16,0
t:-32,0,-16,0
t:-32,0,-16,0
t:-32,0,-16,0
t:-32,0,-16,0
t:-32,0,-16,0
t:-32,0,-16,0
t:-32,0,-16,0
t:-32,0,-16,0
t:-32,0,-16,0
t:-32,0,-16,0
t:-32,0,-16,0
t:-32,0,-16,0
t:-32,0,-16,0
t:-32,0,-16,0
t:-32,0,-16,0
t:-32,0,-16,0
t:-32,0,-16,0
t:-32,0,-16,0
t:-32,0,-16,0
t:-32,0,-16,0
t:-32,0,-16,0
t:-32,0,-16,0
t:-32,0,-16,0
t:-32,0,-16,0
t:-32,0,-16,0
t:-32,0,-16,0
t:-32,0,-16,0
t:-32,0,-16,0
t:-32,0,-16,0
t:-32,0,-16,0
t:-32,0,-16,0
t:-32,0,-16,0
t:-32,0,-16,0
t:-32,0,-16,0
t:-32,0,-16,0
t:-32,0,-16,0
t:-32,0,-16,0
t:-32,0,-16,0
t:-32,0,-16,0
t:-32,0,-16,0
t:-32,0,-16,0
t:-32,0,-16,0
t:-32,0,-16,0
t:-32,0,-16,0
t:-32,0,-16,0
t:-32,0,-16,0
t:-32,0,-16,0
t:-32,0,-16,0
t:-32,0,-16,0
t:-32,0,-16,0
t:-32,0,-16,0
t:-32,0,-16,0
t:-32,0,-16,0
t:-32,0,-16,0
t:-32,0,-16,0
t:-32,0,-16,0
t:-32,0,-16,0
t:-32,0,-16,0
t:-32,0,-16,0
t:-32,0,-16,0
t:-32,0,-16,0
t:-32,0,-16,0
t:-32,0,-16,0
t:-32,0,-16,0
t:-32,0,-16,0
t:-32,0,-16,0
t:-32,0,-16,0
t:-32,0,-16,0
t:-32,0,-16,0
t:-32,0,-16,0
t:-32,0,-16,0
t:-32,0,-16,0
t:-32,0,-16,0
t:-32,0,-16,0
t:-32,0,-16,0
t:-32,0,-16,0
t:-32,0,-16,0
